Livia
Ciganikova
16.59 21.84 18.86 16.85 12.62 19.38 13.30 26.06 28.27 11.48 23.81 15.48 17.39 27.84 2.34 2.65 0.37 24.96 23.14 26.87 29.47 23.80 13.52 23.68 3.72 19.58 4.54 28.76 15.11 12.47
Pavol
Dubovec
7.19 23.74 13.22 17.14 0.32 18.15 18.22 18.39 28.90 20.45 10.61 13.90 20.10 1.97 20.65 20.17 6.36 3.75 9.61 10.33 17.04 13.63 29.96 3.65 6.64 5.00 19.58 7.41 13.47 7.62
Adam
Kuhajdik
4.34 3.67 19.32 4.78 5.95 11.66 24.01 2.62 25.67 2.97 29.88 14.51 29.06 18.45 22.02 1.44 8.98 3.36 8.48 3.69 9.88 12.92 1.22 20.57 16.87 7.51 15.92 2.92 17.08 27.28
Alojz
Vyborny
9.01 20.84 3.65 21.84 8.26 5.40 17.55 0.16 24.37 0.15 20.57 8.70 22.29 28.43 7.76 17.40 17.90 17.64 6.89 28.68 13.45 25.98 20.12 8.77 24.41 11.68 26.25 17.31 26.97 20.59
Frantisek
Vymysleny
21.66 15.53 28.23 19.39 12.62 18.47 0.47 9.72 19.29 8.38 18.75 12.88 4.10 8.09 17.35 17.55 17.03 19.97 19.32 12.22 26.14 11.10 13.98 26.26 24.54 21.45 3.10 27.35 21.47 29.84
Juraj
Lazur
4.90 26.04 4.51 18.17 3.78 25.86 24.41 17.14 12.03 2.98 20.37 13.42 21.05 25.37 29.02 25.23 0.76 10.94 21.75 5.34 15.49 1.34 5.18 0.17 23.46 6.87 10.94 27.61 21.60 0.78
Michal
Caniga
4.50 18.05 17.70 7.99 28.27 18.68 16.86 17.75 21.96 9.55 11.21 6.22 5.22 28.57 22.45 14.97 6.68 7.09 1.06 13.49 9.88 20.98 11.62 5.54 0.85 2.74 20.48 13.68 16.61 26.71
Jozef
Najlepsi
29.47 6.46 19.91 7.14 0.23 22.88 9.90 11.65 17.32 24.52 18.00 26.31 8.43 23.89 5.68 28.46 20.48 6.79 28.23 21.88 7.31 6.96 15.47 0.71 6.15 12.73 11.65 13.21 8.19 17.81
Richard
Fratrik
25.75 3.67 15.28 3.17 21.70 11.46 16.84 5.20 4.16 14.12 10.72 28.03 22.75 22.09 27.22 2.75 16.73 17.05 28.21 8.29 7.68 3.06 0.56 27.01 20.83 23.98 8.70 17.18 1.51 14.58
Tomas
Janicek
29.79 26.61 10.22 28.46 6.88 28.49 28.72 23.49 18.71 26.50 8.84 25.19 18.77 0.97 10.86 4.78 29.99 14.75 14.00 19.27 11.41 4.43 24.30 5.40 15.12 6.98 2.41 25.57 29.34 28.79
Alexandra
Ligocka
27.41 23.36 9.40 2.30 12.78 6.93 3.33 1.95 21.01 0.53 23.30 4.88 2.25 2.68 20.81 7.43 12.75 16.83 25.38 21.10 8.26 3.59 1.48 9.49 7.46 13.52 20.44 20.85 8.43 11.83
Jan
Najhorsi
5.51 23.09 1.66 20.21 23.85 23.68 7.18 11.07 17.01 8.89 11.13 5.78 13.93 1.72 23.49 2.47 15.88 9.49 17.41 28.17 19.48 1.78 12.56 15.16 16.14 20.65 8.54 3.33 11.15 28.16
Andrej
Dusa
5.13 27.58 16.09 13.91 26.08 13.80 21.88 11.09 27.43 20.47 20.58 9.72 22.03 19.73 7.77 4.01 23.31 28.23 13.50 17.95 25.56 13.10 28.62 17.86 24.16 27.99 24.09 4.09 18.63 11.95
Filip
Olejko
1.94 12.45 7.73 25.74 0.31 28.12 10.44 10.39 0.53 5.85 12.54 27.68 2.61 28.10 26.09 13.06 9.09 6.24 18.84 0.52 0.51 12.65 2.54 7.03 6.58 7.77 3.38 0.49 3.98 18.24
Daniela
Prepadajuca
29.37 29.05 12.31 4.83 19.81 14.64 29.37 1.31 23.80 8.07 7.68 19.38 7.63 19.93 15.85 12.50 16.43 8.82 21.74 12.45 10.97 24.36 27.40 1.74 6.45 10.94 24.26 29.38 29.70 27.90
Simon
Pajger
8.12 29.24 7.23 3.49 28.89 7.36 20.39 1.92 21.11 26.63 8.13 11.37 11.32 22.68 7.80 5.50 13.30 9.89 25.35 7.74 15.56 28.20 19.55 26.52 28.35 22.02 20.15 29.13 29.71 13.71
Andrej
Paluch
2.61 8.67 4.45 12.70 3.38 18.10 11.96 26.07 29.02 16.98 8.15 17.26 26.22 12.58 16.98 8.27 13.97 12.03 7.89 15.71 9.28 11.89 15.03 22.63 10.33 27.97 25.17 1.90 7.33 13.89
Miroslav
Soska
3.51 10.51 22.39 20.53 18.94 21.89 6.68 10.64 20.55 26.27 16.15 8.86 0.64 21.30 0.46 11.02 15.56 27.36 2.50 12.15 0.43 10.91 18.01 8.97 6.69 3.10 17.29 20.54 20.72 28.39