13 15 1 2 6 15 1 2 4 15 
3 15 1 2 8 15 2 2 5 15 2 2 4 15 
3 15 2 2 8 15 2 2 5 15 2 2 3 15 
2 15 2 2 7 15 3 2 5 15 2 2 4 15 
3 15 3 2 1 15 2 14 3 15 4 2 2 15 5 2 2 15 
2 15 3 2 2 15 2 14 2 15 4 2 4 15 3 2 3 15 
1 15 3 2 3 4 2 14 6 4 3 15 6 2 1 15 
2 15 1 2 2 4 2 15 2 14 3 15 4 4 1 15 6 2 2 15 
2 15 2 4 7 15 2 4 2 15 2 4 1 15 6 2 1 15 
1 15 2 4 7 15 2 4 1 15 2 6 1 15 2 4 2 15 1 6 4 15 
2 4 7 15 2 4 2 15 2 6 2 15 2 4 6 15 
10 4 7 15 1 6 7 15 
1 15 9 6 7 15 1 6 7 15 
1 15 1 6 2 15 2 6 2 15 2 6 4 15 2 6 1 15 1 6 7 15 
1 15 1 6 2 15 2 6 2 15 2 6 3 15 3 6 1 15 1 6 7 15 
1 15 9 6 3 15 3 6 2 12 2 15 5 6 
1 15 9 6 3 15 2 6 1 12 5 15 1 6 1 15 1 6 1 15 
2 12 1 15 5 12 1 15 4 12 12 15 
15 15 5 6 2 15 2 4 1 12 
16 15 1 6 1 15 1 6 2 15 1 4 3 12 